-1
-1.060184893821172e-16
-2.208718528794109e-17
7.067899292141149e-17
-5.300924469105861e-17
1.060184893821172e-16
-6.626155586382327e-17
-4.85918076334704e-17
1
-1.766974823035287e-17
0.9999999999999999
1
-7.951386703658792e-17
0
1.41357985842823e-16
-3.533949646070574e-17
1.060184893821172e-16
-1.060184893821172e-16
1.325231117276465e-17
1
1
1
1
1.41357985842823e-16
1
-1
-1
-1
-2.297067269945873e-16
8.834874115176436e-17
4.417437057588218e-17
-7.067899292141149e-17
-3.533949646070574e-17
5.300924469105861e-17
-6.184411880623505e-17
-8.834874115176436e-18
1
-5.300924469105861e-17
1.766974823035287e-17
-5.300924469105861e-17